DATE : 2024-05-14 TIME : 11:18:22.142191 
DATE : 2024-05-14 TIME : 11:19:45.279138 
POINTS : 0 
